

file format : BMP
color format: RGB
image width : 164
image height: 38


.db 0, 0, 0, 0, 0, 0, 0, 0, 0, 0, 0, 0, 0, 0, 0, 0, 0, 0, 0, 0, 0, 0, 0, 0, 0, 0, 0, 0, 0, 0, 0, 0, 0, 0, 0, 0, 0, 0, 0, 0, 0, 0, 0, 0, 0, 0, 0, 0, 0, 0, 0, 0, 0, 0, 0, 0, 0, 0, 0, 0, 0, 0, 0, 0, 0, 0, 0, 0, 0, 0, 0, 0, 0, 0, 0, 0, 0, 0, 0, 0, 0, 0, 0, 0, 0, 0, 0, 0, 0, 0, 0, 0, 0, 0, 0, 0, 0, 0, 0, 0, 0, 0, 0, 0, 0, 0, 0, 0, 0, 0, 0, 0, 0, 0, 0, 0, 0, 0, 0, 0, 0, 0, 0, 0, 0, 0, 0, 0, 0, 0, 0, 0, 0, 0, 0, 0, 0, 0, 0, 0, 0, 0, 0, 0, 0, 0, 0, 0, 0, 0, 0, 0, 0, 0, 0, 0, 0, 0, 0, 0, 0, 0, 0, 0
.db 0, 0, 0, 0, 0, 0, 0, 0, 0, 0, 0, 0, 0, 0, 0, 0, 0, 0, 0, 0, 67, 67, 67, 67, 67, 67, 67, 0, 0, 0, 0, 0, 0, 0, 0, 0, 0, 0, 0, 0, 0, 0, 0, 0, 0, 0, 0, 0, 0, 0, 0, 0, 0, 0, 0, 0, 0, 0, 0, 0, 0, 0, 0, 0, 0, 0, 0, 0, 0, 0, 0, 0, 0, 0, 0, 0, 0, 0, 0, 0, 0, 0, 0, 0, 0, 0, 0, 0, 0, 0, 0, 0, 0, 0, 0, 0, 0, 0, 0, 0, 0, 0, 0, 0, 0, 0, 0, 0, 0, 0, 0, 0, 0, 0, 0, 0, 0, 0, 0, 0, 0, 0, 0, 0, 0, 0, 0, 0, 0, 0, 0, 0, 0, 0, 0, 0, 0, 0, 0, 0, 0, 0, 0, 0, 0, 0, 0, 0, 0, 0, 0, 0, 0, 0, 0, 0, 0, 0, 0, 0, 0, 0, 0, 0
.db 0, 0, 0, 0, 0, 0, 0, 0, 0, 0, 0, 0, 0, 0, 0, 0, 0, 0, 0, 0, 67, 67, 67, 67, 67, 67, 67, 0, 0, 0, 0, 0, 0, 0, 0, 0, 0, 0, 0, 0, 0, 0, 0, 0, 0, 0, 0, 0, 0, 0, 0, 0, 0, 0, 0, 0, 0, 0, 76, 76, 76, 76, 76, 76, 76, 0, 0, 0, 0, 0, 0, 0, 0, 0, 0, 0, 0, 0, 0, 0, 0, 0, 0, 0, 0, 0, 0, 0, 0, 0, 0, 0, 0, 0, 0, 0, 0, 0, 0, 0, 0, 0, 0, 0, 0, 0, 0, 0, 0, 0, 0, 0, 255, 255, 255, 255, 255, 255, 255, 255, 255, 255, 255, 255, 255, 255, 255, 255, 255, 0, 0, 0, 0, 0, 0, 0, 0, 0, 0, 0, 0, 0, 0, 0, 0, 0, 0, 0, 255, 255, 255, 255, 255, 255, 255, 255, 0, 0, 0, 0, 0, 0, 0, 0
.db 0, 0, 0, 0, 0, 0, 0, 0, 0, 0, 0, 0, 0, 0, 0, 0, 0, 0, 0, 0, 67, 67, 67, 67, 67, 67, 67, 0, 0, 0, 0, 0, 0, 0, 0, 0, 0, 0, 0, 0, 0, 0, 0, 0, 0, 0, 0, 0, 0, 0, 0, 0, 0, 0, 0, 0, 0, 0, 76, 76, 76, 76, 76, 76, 76, 0, 0, 0, 0, 0, 0, 0, 0, 0, 0, 0, 0, 0, 0, 0, 0, 0, 0, 0, 0, 0, 0, 0, 0, 0, 0, 0, 0, 0, 0, 0, 0, 0, 0, 0, 0, 0, 0, 0, 0, 0, 0, 0, 0, 0, 0, 255, 255, 255, 255, 255, 255, 255, 255, 255, 255, 255, 255, 255, 255, 255, 255, 255, 255, 255, 255, 0, 0, 0, 0, 0, 0, 0, 0, 0, 0, 0, 0, 0, 0, 255, 255, 255, 255, 255, 255, 255, 255, 255, 255, 255, 255, 255, 0, 0, 0, 0, 0, 0
.db 0, 0, 0, 0, 0, 0, 0, 0, 0, 0, 0, 0, 0, 0, 0, 0, 0, 0, 0, 0, 67, 67, 67, 67, 67, 67, 67, 0, 0, 0, 0, 0, 0, 0, 0, 0, 0, 0, 0, 0, 0, 0, 0, 0, 0, 0, 0, 0, 0, 0, 0, 0, 0, 0, 0, 0, 0, 76, 76, 76, 76, 76, 76, 76, 76, 0, 0, 0, 0, 0, 0, 0, 0, 0, 0, 0, 0, 188, 188, 188, 0, 0, 0, 0, 0, 0, 0, 0, 0, 0, 0, 0, 0, 0, 0, 0, 0, 0, 0, 0, 0, 0, 0, 0, 0, 0, 0, 0, 0, 0, 0, 255, 255, 255, 255, 255, 255, 255, 255, 255, 255, 255, 255, 255, 255, 255, 255, 255, 255, 255, 255, 255, 0, 0, 0, 0, 0, 0, 0, 0, 0, 0, 0, 0, 255, 255, 255, 255, 255, 255, 255, 255, 255, 255, 255, 255, 255, 255, 255, 0, 0, 0, 0, 0
.db 0, 0, 0, 0, 0, 0, 0, 0, 0, 0, 0, 0, 0, 0, 0, 0, 0, 0, 0, 0, 67, 67, 67, 67, 67, 67, 67, 0, 0, 0, 0, 0, 0, 0, 0, 0, 0, 0, 0, 0, 0, 0, 0, 0, 0, 0, 0, 0, 0, 0, 0, 0, 0, 0, 0, 0, 0, 76, 76, 76, 76, 76, 76, 76, 0, 0, 0, 0, 0, 0, 0, 0, 0, 0, 188, 188, 188, 188, 188, 188, 0, 0, 0, 0, 0, 0, 0, 0, 0, 0, 0, 0, 0, 0, 0, 0, 0, 0, 0, 0, 0, 0, 0, 0, 0, 0, 0, 0, 0, 0, 255, 255, 255, 255, 255, 255, 255, 255, 255, 255, 255, 255, 255, 255, 255, 255, 255, 255, 255, 255, 255, 255, 0, 0, 0, 0, 0, 0, 0, 0, 0, 0, 255, 255, 255, 255, 255, 255, 255, 255, 255, 255, 255, 255, 255, 255, 255, 255, 255, 255, 0, 0, 0, 0
.db 0, 0, 0, 0, 0, 0, 0, 0, 0, 0, 0, 0, 0, 0, 0, 0, 0, 0, 0, 0, 67, 67, 67, 67, 67, 67, 67, 0, 0, 0, 0, 0, 0, 0, 0, 0, 0, 0, 0, 0, 0, 0, 0, 0, 0, 0, 0, 0, 0, 0, 0, 0, 0, 0, 0, 0, 0, 76, 76, 76, 76, 76, 76, 76, 0, 0, 0, 0, 0, 0, 0, 0, 0, 188, 188, 188, 188, 188, 188, 0, 0, 0, 0, 0, 0, 0, 0, 0, 0, 0, 0, 0, 0, 0, 0, 0, 0, 0, 0, 0, 0, 0, 0, 0, 0, 0, 0, 0, 0, 0, 255, 255, 255, 255, 255, 255, 255, 255, 255, 255, 255, 255, 255, 255, 255, 255, 255, 255, 255, 255, 255, 255, 255, 0, 0, 0, 0, 0, 0, 0, 0, 255, 255, 255, 255, 255, 255, 255, 255, 255, 255, 255, 255, 255, 255, 255, 255, 255, 255, 255, 0, 0, 0, 0
.db 0, 0, 0, 0, 0, 0, 0, 0, 0, 0, 0, 0, 0, 0, 0, 0, 0, 0, 0, 0, 67, 67, 67, 67, 67, 67, 67, 0, 0, 0, 0, 0, 0, 0, 0, 0, 0, 0, 0, 0, 0, 0, 0, 0, 0, 0, 0, 0, 0, 0, 0, 0, 0, 0, 0, 0, 0, 76, 76, 76, 76, 76, 76, 76, 0, 0, 0, 0, 0, 0, 0, 0, 188, 188, 188, 188, 188, 188, 188, 0, 0, 0, 0, 0, 0, 0, 0, 0, 0, 0, 0, 0, 0, 0, 0, 0, 0, 0, 0, 0, 0, 0, 0, 0, 0, 0, 0, 0, 0, 0, 255, 255, 255, 255, 255, 255, 255, 255, 255, 255, 255, 255, 255, 255, 255, 255, 255, 255, 255, 255, 255, 255, 255, 0, 0, 0, 0, 0, 0, 0, 255, 255, 255, 255, 255, 255, 255, 255, 255, 255, 255, 255, 255, 255, 255, 255, 255, 255, 255, 255, 0, 0, 0, 0
.db 0, 0, 0, 0, 0, 0, 0, 0, 0, 0, 0, 0, 0, 0, 0, 0, 0, 0, 0, 67, 67, 67, 67, 67, 67, 67, 67, 0, 0, 0, 0, 0, 0, 0, 0, 0, 0, 0, 0, 0, 0, 0, 0, 0, 0, 0, 0, 0, 0, 0, 0, 0, 0, 0, 0, 0, 76, 76, 76, 76, 76, 76, 76, 0, 0, 0, 0, 0, 0, 0, 0, 0, 188, 188, 188, 188, 188, 188, 188, 0, 0, 0, 0, 0, 0, 0, 0, 0, 0, 0, 0, 0, 0, 0, 0, 0, 0, 0, 0, 0, 0, 0, 0, 0, 0, 0, 0, 0, 0, 255, 255, 255, 255, 255, 255, 255, 255, 255, 255, 0, 0, 0, 0, 0, 255, 255, 255, 255, 255, 255, 255, 255, 255, 0, 0, 0, 0, 0, 0, 255, 255, 255, 255, 255, 255, 255, 255, 255, 255, 255, 255, 255, 255, 255, 255, 255, 255, 255, 255, 255, 0, 0, 0, 0
.db 0, 0, 0, 0, 0, 0, 0, 0, 0, 0, 0, 0, 0, 0, 67, 67, 67, 67, 0, 67, 67, 67, 67, 67, 67, 67, 0, 0, 0, 0, 0, 0, 0, 0, 0, 0, 0, 0, 143, 143, 143, 143, 143, 143, 143, 0, 0, 0, 0, 0, 0, 0, 0, 0, 0, 0, 76, 76, 76, 76, 76, 76, 76, 0, 0, 0, 0, 0, 0, 0, 0, 188, 188, 188, 188, 188, 188, 188, 0, 0, 0, 0, 0, 0, 0, 0, 0, 0, 0, 0, 112, 112, 112, 112, 112, 112, 112, 0, 0, 0, 0, 0, 0, 0, 0, 0, 0, 0, 0, 255, 255, 255, 255, 255, 255, 255, 255, 255, 0, 0, 0, 0, 0, 0, 0, 255, 255, 255, 255, 255, 255, 255, 255, 0, 0, 0, 0, 0, 0, 255, 255, 255, 255, 255, 255, 255, 255, 255, 0, 0, 0, 0, 0, 255, 255, 255, 255, 255, 255, 255, 0, 0, 0, 0
.db 0, 0, 0, 0, 0, 0, 0, 0, 0, 0, 0, 0, 67, 67, 67, 67, 67, 67, 67, 67, 67, 67, 67, 67, 67, 67, 0, 0, 0, 0, 0, 0, 0, 0, 0, 0, 143, 143, 143, 143, 143, 143, 143, 143, 143, 143, 143, 0, 0, 0, 0, 0, 0, 0, 0, 0, 76, 76, 76, 76, 76, 76, 76, 0, 0, 0, 0, 0, 188, 188, 188, 188, 188, 188, 188, 188, 188, 188, 188, 188, 188, 0, 0, 0, 0, 0, 0, 112, 112, 112, 112, 112, 112, 112, 112, 112, 112, 112, 112, 0, 0, 0, 0, 0, 0, 0, 0, 0, 0, 255, 255, 255, 255, 255, 255, 255, 255, 0, 0, 0, 0, 0, 0, 0, 0, 255, 255, 255, 255, 255, 255, 255, 255, 0, 0, 0, 0, 0, 255, 255, 255, 255, 255, 255, 255, 255, 255, 0, 0, 0, 0, 0, 0, 0, 255, 255, 255, 255, 255, 255, 0, 0, 0, 0
.db 0, 0, 0, 0, 0, 0, 0, 0, 0, 0, 0, 67, 67, 67, 67, 67, 67, 67, 67, 67, 67, 67, 67, 67, 67, 67, 0, 0, 0, 0, 0, 0, 0, 0, 0, 143, 143, 143, 143, 143, 143, 143, 143, 143, 143, 143, 143, 143, 0, 0, 0, 0, 0, 0, 0, 0, 76, 76, 76, 76, 76, 76, 76, 0, 0, 0, 0, 188, 188, 188, 188, 188, 188, 188, 188, 188, 188, 188, 188, 188, 188, 0, 0, 0, 0, 0, 112, 112, 112, 112, 112, 112, 112, 112, 112, 112, 112, 112, 112, 112, 0, 0, 0, 0, 0, 0, 0, 0, 0, 255, 255, 255, 255, 255, 255, 255, 255, 0, 0, 0, 0, 0, 0, 0, 0, 255, 255, 255, 255, 255, 255, 255, 0, 0, 0, 0, 0, 255, 255, 255, 255, 255, 255, 255, 255, 255, 0, 0, 0, 0, 0, 0, 0, 0, 255, 255, 255, 255, 255, 0, 0, 0, 0, 0
.db 0, 0, 0, 0, 0, 0, 0, 0, 0, 0, 67, 67, 67, 67, 67, 67, 67, 67, 67, 67, 67, 67, 67, 67, 67, 67, 0, 0, 0, 0, 0, 0, 0, 0, 143, 143, 143, 143, 143, 143, 143, 143, 143, 143, 143, 143, 143, 143, 143, 0, 0, 0, 0, 0, 0, 76, 76, 76, 76, 76, 76, 76, 0, 0, 0, 0, 0, 188, 188, 188, 188, 188, 188, 188, 188, 188, 188, 188, 188, 188, 188, 0, 0, 0, 0, 112, 112, 112, 112, 112, 112, 112, 112, 112, 112, 112, 112, 112, 112, 112, 112, 0, 0, 0, 0, 0, 0, 0, 255, 255, 255, 255, 255, 255, 255, 255, 0, 0, 0, 0, 0, 0, 0, 0, 255, 255, 255, 255, 255, 255, 255, 255, 0, 0, 0, 0, 0, 255, 255, 255, 255, 255, 255, 255, 255, 0, 0, 0, 0, 0, 0, 0, 0, 0, 255, 255, 0, 0, 0, 0, 0, 0, 0, 0
.db 0, 0, 0, 0, 0, 0, 0, 0, 0, 67, 67, 67, 67, 67, 67, 67, 67, 67, 67, 67, 67, 67, 67, 67, 67, 67, 0, 0, 0, 0, 0, 0, 0, 143, 143, 143, 143, 143, 143, 143, 143, 143, 143, 143, 143, 143, 143, 143, 143, 0, 0, 0, 0, 0, 0, 76, 76, 76, 76, 76, 76, 76, 0, 0, 0, 0, 188, 188, 188, 188, 188, 188, 188, 188, 188, 188, 188, 188, 188, 188, 188, 0, 0, 0, 0, 112, 112, 112, 112, 112, 112, 112, 112, 112, 112, 112, 112, 112, 112, 112, 112, 0, 0, 0, 0, 0, 0, 0, 255, 255, 255, 255, 255, 255, 255, 255, 0, 0, 0, 0, 0, 0, 0, 255, 255, 255, 255, 255, 255, 255, 255, 0, 0, 0, 0, 0, 255, 255, 255, 255, 255, 255, 255, 255, 0, 0, 0, 0, 0, 0, 0, 0, 0, 0, 0, 0, 0, 0, 0, 0, 0, 0, 0, 0
.db 0, 0, 0, 0, 0, 0, 0, 0, 67, 67, 67, 67, 67, 67, 67, 67, 0, 0, 67, 67, 67, 67, 67, 67, 67, 67, 0, 0, 0, 0, 0, 0, 143, 143, 143, 143, 143, 143, 143, 143, 143, 143, 143, 143, 143, 143, 143, 143, 143, 0, 0, 0, 0, 0, 0, 76, 76, 76, 76, 76, 76, 76, 0, 0, 0, 0, 188, 188, 188, 188, 188, 188, 188, 188, 188, 188, 188, 188, 188, 188, 188, 0, 0, 0, 0, 112, 112, 112, 112, 112, 112, 112, 112, 112, 112, 112, 112, 112, 112, 112, 112, 0, 0, 0, 0, 0, 0, 0, 255, 255, 255, 255, 255, 255, 255, 255, 0, 0, 0, 0, 0, 0, 255, 255, 255, 255, 255, 255, 255, 255, 255, 0, 0, 0, 0, 0, 255, 255, 255, 255, 255, 255, 255, 255, 0, 0, 0, 0, 0, 0, 0, 0, 0, 0, 0, 0, 0, 0, 0, 0, 0, 0, 0, 0
.db 0, 0, 0, 0, 0, 0, 0, 67, 67, 67, 67, 67, 67, 67, 67, 0, 0, 0, 0, 67, 67, 67, 67, 67, 67, 67, 0, 0, 0, 0, 0, 143, 143, 143, 143, 143, 143, 143, 143, 0, 0, 0, 143, 143, 143, 143, 143, 143, 143, 0, 0, 0, 0, 0, 0, 76, 76, 76, 76, 76, 76, 76, 0, 0, 0, 0, 188, 188, 0, 188, 188, 188, 188, 188, 188, 188, 188, 0, 0, 0, 0, 0, 0, 0, 0, 112, 112, 112, 112, 112, 0, 0, 0, 0, 112, 112, 112, 112, 112, 112, 112, 112, 0, 0, 0, 0, 0, 0, 255, 255, 255, 255, 255, 255, 255, 0, 0, 0, 0, 0, 0, 255, 255, 255, 255, 255, 255, 255, 255, 255, 0, 0, 0, 0, 0, 255, 255, 255, 255, 255, 255, 255, 255, 0, 0, 0, 0, 0, 0, 0, 0, 0, 0, 0, 0, 0, 0, 0, 0, 0, 0, 0, 0, 0
.db 0, 0, 0, 0, 0, 0, 0, 67, 67, 67, 67, 67, 67, 67, 0, 0, 0, 0, 0, 67, 67, 67, 67, 67, 67, 0, 0, 0, 0, 0, 0, 143, 143, 143, 143, 143, 143, 143, 0, 0, 0, 0, 0, 143, 143, 143, 143, 143, 143, 0, 0, 0, 0, 0, 0, 76, 76, 76, 76, 76, 76, 0, 0, 0, 0, 0, 0, 0, 0, 188, 188, 188, 188, 188, 188, 188, 0, 0, 0, 0, 0, 0, 0, 0, 0, 112, 112, 112, 112, 0, 0, 0, 0, 0, 0, 112, 112, 112, 112, 112, 112, 112, 0, 0, 0, 0, 0, 255, 255, 255, 255, 255, 255, 255, 255, 0, 0, 0, 0, 255, 255, 255, 255, 255, 255, 255, 255, 255, 255, 0, 0, 0, 0, 0, 0, 255, 255, 255, 255, 255, 255, 255, 255, 0, 0, 0, 0, 0, 0, 0, 0, 0, 0, 0, 0, 0, 0, 0, 0, 0, 0, 0, 0, 0
.db 0, 0, 0, 0, 0, 0, 67, 67, 67, 67, 67, 67, 67, 0, 0, 0, 0, 0, 0, 67, 67, 67, 67, 67, 67, 0, 0, 0, 0, 0, 143, 143, 143, 143, 143, 143, 143, 0, 0, 0, 0, 0, 0, 143, 143, 143, 143, 143, 143, 0, 0, 0, 0, 0, 76, 76, 76, 76, 76, 76, 76, 0, 0, 0, 0, 0, 0, 0, 0, 188, 188, 188, 188, 188, 188, 188, 0, 0, 0, 0, 0, 0, 0, 0, 0, 112, 112, 112, 112, 0, 0, 0, 0, 0, 0, 112, 112, 112, 112, 112, 112, 0, 0, 0, 0, 0, 0, 255, 255, 255, 255, 255, 255, 255, 255, 0, 0, 255, 255, 255, 255, 255, 255, 255, 255, 255, 255, 255, 0, 0, 0, 0, 0, 0, 255, 255, 255, 255, 255, 255, 255, 255, 0, 0, 0, 0, 0, 0, 0, 0, 0, 0, 0, 0, 0, 0, 0, 0, 0, 0, 0, 0, 0, 0
.db 0, 0, 0, 0, 0, 0, 67, 67, 67, 67, 67, 67, 0, 0, 0, 0, 0, 0, 67, 67, 67, 67, 67, 67, 67, 0, 0, 0, 0, 0, 143, 143, 143, 143, 143, 143, 0, 0, 0, 0, 0, 0, 143, 143, 143, 143, 143, 143, 143, 0, 0, 0, 0, 0, 76, 76, 76, 76, 76, 76, 76, 0, 0, 0, 0, 0, 0, 0, 0, 188, 188, 188, 188, 188, 188, 0, 0, 0, 0, 0, 0, 0, 0, 0, 0, 0, 0, 0, 0, 0, 0, 0, 0, 0, 112, 112, 112, 112, 112, 112, 112, 0, 0, 0, 0, 0, 0, 170, 170, 170, 170, 170, 170, 170, 170, 170, 170, 170, 170, 170, 170, 170, 170, 170, 170, 170, 170, 0, 0, 0, 0, 0, 0, 0, 170, 170, 170, 170, 170, 170, 170, 170, 0, 0, 0, 0, 0, 0, 0, 0, 0, 0, 0, 0, 0, 0, 0, 0, 0, 0, 0, 0, 0, 0
.db 0, 0, 0, 0, 0, 67, 67, 67, 67, 67, 67, 67, 0, 0, 0, 0, 0, 0, 67, 67, 67, 67, 67, 67, 67, 0, 0, 0, 0, 143, 143, 143, 143, 143, 143, 143, 0, 0, 0, 0, 143, 143, 143, 143, 143, 143, 143, 143, 0, 0, 0, 0, 0, 0, 76, 76, 76, 76, 76, 76, 76, 0, 0, 0, 0, 0, 0, 0, 0, 188, 188, 188, 188, 188, 188, 0, 0, 0, 0, 0, 0, 0, 0, 0, 0, 0, 0, 0, 0, 0, 0, 112, 112, 112, 112, 112, 112, 112, 112, 112, 112, 0, 0, 0, 0, 0, 0, 170, 170, 170, 170, 170, 170, 170, 170, 170, 170, 170, 170, 170, 170, 170, 170, 170, 170, 170, 0, 0, 0, 0, 0, 0, 0, 0, 170, 170, 170, 170, 170, 170, 170, 170, 0, 0, 0, 0, 0, 0, 0, 0, 0, 0, 0, 0, 0, 0, 0, 0, 0, 0, 0, 0, 0, 0
.db 0, 0, 0, 0, 0, 67, 67, 67, 67, 67, 67, 0, 0, 0, 0, 0, 0, 0, 67, 67, 67, 67, 67, 67, 67, 0, 0, 0, 0, 143, 143, 143, 143, 143, 143, 0, 0, 143, 143, 143, 143, 143, 143, 143, 143, 143, 143, 143, 0, 0, 0, 0, 0, 0, 76, 76, 76, 76, 76, 76, 76, 0, 0, 0, 0, 0, 0, 0, 0, 188, 188, 188, 188, 188, 188, 0, 0, 0, 0, 0, 0, 0, 0, 0, 0, 0, 0, 0, 112, 112, 112, 112, 112, 112, 112, 112, 112, 112, 112, 112, 112, 0, 0, 0, 0, 0, 0, 170, 170, 170, 170, 170, 170, 170, 170, 170, 170, 170, 170, 170, 170, 170, 170, 170, 0, 0, 0, 0, 0, 0, 0, 0, 0, 0, 170, 170, 170, 170, 170, 170, 170, 0, 0, 0, 0, 0, 0, 0, 0, 0, 0, 0, 0, 0, 0, 0, 0, 0, 0, 0, 0, 0, 0, 0
.db 0, 0, 0, 0, 0, 67, 67, 67, 67, 67, 67, 0, 0, 0, 0, 0, 0, 0, 67, 67, 67, 67, 67, 67, 67, 0, 0, 0, 0, 143, 143, 143, 143, 143, 143, 143, 143, 143, 143, 143, 143, 143, 143, 143, 143, 143, 143, 0, 0, 0, 0, 0, 0, 0, 76, 76, 76, 76, 76, 76, 0, 0, 0, 0, 0, 0, 0, 0, 188, 188, 188, 188, 188, 188, 188, 0, 0, 0, 0, 0, 0, 0, 0, 0, 0, 0, 0, 112, 112, 112, 112, 112, 112, 112, 112, 112, 112, 112, 112, 112, 112, 0, 0, 0, 0, 0, 0, 170, 170, 170, 170, 170, 170, 170, 170, 170, 170, 170, 170, 170, 170, 170, 0, 0, 0, 0, 0, 0, 0, 0, 0, 0, 0, 0, 170, 170, 170, 170, 170, 170, 170, 0, 0, 0, 0, 0, 0, 0, 0, 0, 0, 0, 0, 0, 0, 0, 0, 0, 0, 0, 0, 0, 0, 0
.db 0, 0, 0, 0, 67, 67, 67, 67, 67, 67, 67, 0, 0, 0, 0, 0, 0, 0, 67, 67, 67, 67, 67, 67, 0, 0, 0, 0, 143, 143, 143, 143, 143, 143, 143, 143, 143, 143, 143, 143, 143, 143, 143, 143, 143, 143, 0, 0, 0, 0, 0, 0, 0, 0, 76, 76, 76, 76, 76, 76, 0, 0, 0, 0, 0, 0, 0, 0, 188, 188, 188, 188, 188, 188, 188, 0, 0, 0, 0, 0, 0, 0, 0, 0, 0, 112, 112, 112, 112, 112, 112, 112, 112, 112, 112, 112, 112, 112, 112, 112, 112, 0, 0, 0, 0, 0, 170, 170, 170, 170, 170, 170, 170, 170, 170, 170, 170, 170, 170, 170, 170, 0, 0, 0, 0, 0, 0, 0, 0, 0, 0, 0, 0, 0, 170, 170, 170, 170, 170, 170, 170, 0, 0, 0, 0, 0, 0, 0, 0, 0, 0, 0, 0, 0, 0, 0, 0, 0, 0, 0, 0, 0, 0, 0
.db 0, 0, 0, 0, 67, 67, 67, 67, 67, 67, 67, 0, 0, 0, 0, 0, 0, 0, 67, 67, 67, 67, 67, 67, 0, 0, 0, 0, 143, 143, 143, 143, 143, 143, 143, 143, 143, 143, 143, 143, 143, 143, 143, 143, 143, 0, 0, 0, 0, 0, 0, 0, 0, 76, 76, 76, 76, 76, 76, 76, 0, 0, 0, 0, 0, 0, 0, 0, 188, 188, 188, 188, 188, 188, 0, 0, 0, 0, 0, 0, 0, 0, 0, 0, 112, 112, 112, 112, 112, 112, 112, 112, 112, 112, 112, 112, 112, 112, 112, 112, 112, 0, 0, 0, 0, 0, 170, 170, 170, 170, 170, 170, 170, 170, 170, 170, 170, 170, 170, 0, 0, 0, 0, 0, 0, 0, 0, 0, 0, 0, 0, 0, 0, 170, 170, 170, 170, 170, 170, 170, 170, 0, 0, 0, 0, 0, 0, 0, 0, 0, 0, 0, 0, 0, 0, 0, 0, 0, 0, 0, 0, 0, 0, 0
.db 0, 0, 0, 0, 67, 67, 67, 67, 67, 67, 0, 0, 0, 0, 0, 0, 0, 67, 67, 67, 67, 67, 67, 67, 0, 0, 0, 0, 143, 143, 143, 143, 143, 143, 143, 143, 143, 143, 143, 143, 143, 143, 143, 0, 0, 0, 0, 0, 0, 0, 0, 0, 0, 76, 76, 76, 76, 76, 76, 76, 0, 0, 0, 0, 0, 0, 0, 0, 188, 188, 188, 188, 188, 188, 0, 0, 0, 0, 0, 0, 0, 0, 0, 112, 112, 112, 112, 112, 112, 112, 112, 112, 0, 0, 112, 112, 112, 112, 112, 112, 112, 0, 0, 0, 0, 0, 170, 170, 170, 170, 170, 170, 170, 170, 170, 170, 170, 0, 0, 0, 0, 0, 0, 0, 0, 0, 0, 0, 0, 0, 0, 0, 0, 170, 170, 170, 170, 170, 170, 170, 170, 170, 0, 0, 0, 0, 0, 0, 0, 0, 0, 0, 0, 0, 0, 170, 170, 0, 0, 0, 0, 0, 0, 0
.db 0, 0, 0, 0, 67, 67, 67, 67, 67, 67, 0, 0, 0, 0, 0, 0, 0, 67, 67, 67, 67, 67, 67, 67, 0, 0, 0, 0, 143, 143, 143, 143, 143, 143, 143, 143, 143, 143, 143, 143, 0, 0, 0, 0, 0, 0, 0, 0, 0, 0, 0, 0, 0, 76, 76, 76, 76, 76, 76, 76, 0, 0, 0, 0, 0, 0, 0, 0, 188, 188, 188, 188, 188, 188, 0, 0, 0, 0, 0, 0, 0, 0, 0, 112, 112, 112, 112, 112, 112, 112, 0, 0, 0, 0, 112, 112, 112, 112, 112, 112, 112, 0, 0, 0, 0, 0, 170, 170, 170, 170, 170, 170, 170, 170, 170, 170, 0, 0, 0, 0, 0, 0, 0, 0, 0, 0, 0, 0, 0, 0, 0, 0, 0, 170, 170, 170, 170, 170, 170, 170, 170, 170, 0, 0, 0, 0, 0, 0, 0, 0, 0, 0, 0, 0, 0, 170, 170, 0, 0, 0, 0, 0, 0, 0
.db 0, 0, 0, 0, 67, 67, 67, 67, 67, 67, 67, 0, 0, 0, 0, 0, 0, 67, 67, 67, 67, 67, 67, 67, 0, 0, 0, 0, 143, 143, 143, 143, 143, 143, 143, 143, 143, 143, 0, 0, 0, 0, 0, 0, 0, 143, 143, 0, 0, 0, 0, 0, 0, 76, 76, 76, 76, 76, 76, 76, 0, 0, 0, 0, 0, 0, 0, 188, 188, 188, 188, 188, 188, 188, 0, 0, 0, 0, 0, 0, 0, 0, 112, 112, 112, 112, 112, 112, 112, 0, 0, 0, 0, 0, 112, 112, 112, 112, 112, 112, 0, 0, 0, 0, 0, 0, 170, 170, 170, 170, 170, 170, 170, 170, 170, 0, 0, 0, 0, 0, 0, 0, 0, 0, 0, 0, 0, 0, 0, 0, 0, 0, 0, 170, 170, 170, 170, 170, 170, 170, 170, 170, 170, 0, 0, 0, 0, 0, 0, 0, 0, 0, 0, 0, 170, 170, 170, 0, 0, 0, 0, 0, 0, 0
.db 0, 0, 0, 0, 67, 67, 67, 67, 67, 67, 67, 0, 0, 0, 0, 0, 67, 67, 67, 67, 67, 67, 67, 0, 0, 0, 0, 0, 143, 143, 143, 143, 143, 143, 143, 143, 0, 0, 0, 0, 0, 0, 0, 0, 0, 143, 143, 0, 0, 0, 0, 0, 0, 76, 76, 76, 76, 76, 76, 76, 0, 0, 0, 0, 0, 0, 0, 188, 188, 188, 188, 188, 188, 188, 0, 0, 0, 0, 0, 0, 0, 0, 112, 112, 112, 112, 112, 112, 112, 0, 0, 0, 0, 0, 112, 112, 112, 112, 112, 112, 0, 0, 0, 0, 0, 0, 170, 170, 170, 170, 170, 170, 170, 170, 0, 0, 0, 0, 0, 0, 0, 0, 0, 0, 0, 0, 0, 0, 0, 0, 0, 0, 0, 170, 170, 170, 170, 170, 170, 170, 170, 170, 170, 0, 0, 0, 0, 0, 0, 0, 0, 0, 0, 170, 170, 170, 170, 0, 0, 0, 0, 0, 0, 0
.db 0, 0, 0, 0, 67, 67, 67, 67, 67, 67, 67, 0, 0, 0, 0, 0, 67, 67, 67, 67, 67, 67, 67, 0, 0, 0, 0, 0, 143, 143, 143, 143, 143, 143, 143, 0, 0, 0, 0, 0, 0, 0, 0, 0, 143, 143, 143, 0, 0, 0, 0, 0, 0, 76, 76, 76, 76, 76, 76, 0, 0, 0, 0, 0, 0, 0, 0, 188, 188, 188, 188, 188, 188, 188, 0, 0, 0, 0, 0, 0, 0, 0, 112, 112, 112, 112, 112, 112, 0, 0, 0, 0, 0, 112, 112, 112, 112, 112, 112, 112, 0, 0, 0, 0, 0, 170, 170, 170, 170, 170, 170, 170, 170, 170, 0, 0, 0, 0, 0, 0, 0, 0, 0, 0, 0, 0, 0, 0, 0, 0, 0, 0, 0, 0, 170, 170, 170, 170, 170, 170, 170, 170, 170, 170, 0, 0, 0, 0, 0, 0, 0, 0, 170, 170, 170, 170, 170, 0, 0, 0, 0, 0, 0, 0
.db 0, 0, 0, 0, 67, 67, 67, 67, 67, 67, 67, 67, 0, 0, 0, 67, 67, 67, 67, 67, 67, 67, 67, 0, 0, 0, 0, 0, 143, 143, 143, 143, 143, 143, 0, 0, 0, 0, 0, 0, 0, 0, 0, 143, 143, 143, 143, 0, 0, 0, 0, 0, 76, 76, 76, 76, 76, 76, 76, 0, 0, 0, 0, 0, 0, 0, 0, 188, 188, 188, 188, 188, 188, 188, 0, 0, 0, 0, 0, 0, 0, 0, 112, 112, 112, 112, 112, 112, 0, 0, 0, 0, 0, 112, 112, 112, 112, 112, 112, 112, 0, 0, 0, 0, 0, 170, 170, 170, 170, 170, 170, 170, 170, 170, 0, 0, 0, 0, 0, 0, 0, 0, 0, 0, 0, 0, 0, 0, 0, 0, 0, 0, 0, 0, 170, 170, 170, 170, 170, 170, 170, 170, 170, 170, 170, 170, 0, 0, 0, 0, 170, 170, 170, 170, 170, 170, 170, 0, 0, 0, 0, 0, 0, 0
.db 0, 0, 0, 0, 67, 67, 67, 67, 67, 67, 67, 67, 67, 67, 67, 67, 67, 67, 67, 67, 67, 67, 67, 0, 0, 0, 0, 0, 143, 143, 143, 143, 143, 143, 143, 0, 0, 0, 0, 0, 0, 0, 143, 143, 143, 143, 143, 0, 0, 0, 0, 0, 76, 76, 76, 76, 76, 76, 76, 0, 0, 0, 0, 0, 0, 0, 0, 188, 188, 188, 188, 188, 188, 188, 0, 0, 0, 0, 0, 0, 0, 112, 112, 112, 112, 112, 112, 112, 112, 0, 0, 0, 0, 112, 112, 112, 112, 112, 112, 112, 0, 0, 0, 0, 0, 170, 170, 170, 170, 170, 170, 170, 170, 170, 0, 0, 0, 0, 0, 0, 0, 0, 0, 0, 0, 0, 0, 0, 0, 0, 0, 0, 0, 0, 170, 170, 170, 170, 170, 170, 170, 170, 170, 170, 170, 170, 170, 170, 170, 170, 170, 170, 170, 170, 170, 170, 0, 0, 0, 0, 0, 0, 0, 0
.db 0, 0, 0, 0, 67, 67, 67, 67, 67, 67, 67, 67, 67, 67, 67, 67, 67, 67, 67, 67, 67, 67, 67, 0, 0, 0, 0, 0, 143, 143, 143, 143, 143, 143, 143, 143, 143, 0, 0, 0, 143, 143, 143, 143, 143, 143, 0, 0, 0, 0, 0, 0, 76, 76, 76, 76, 76, 76, 76, 0, 0, 0, 0, 0, 0, 0, 0, 188, 188, 188, 188, 188, 188, 188, 0, 0, 0, 0, 0, 0, 0, 112, 112, 112, 112, 112, 112, 112, 112, 112, 112, 112, 112, 112, 112, 112, 112, 112, 112, 112, 0, 0, 0, 0, 0, 170, 170, 170, 170, 170, 170, 170, 170, 170, 0, 0, 0, 0, 0, 0, 0, 0, 0, 0, 0, 0, 0, 0, 0, 0, 0, 0, 0, 0, 170, 170, 170, 170, 170, 170, 170, 170, 170, 170, 170, 170, 170, 170, 170, 170, 170, 170, 170, 170, 170, 170, 0, 0, 0, 0, 0, 0, 0, 0
.db 0, 0, 0, 0, 67, 67, 67, 67, 67, 67, 67, 67, 67, 67, 67, 67, 67, 67, 67, 67, 67, 67, 0, 0, 0, 0, 0, 0, 143, 143, 143, 143, 143, 143, 143, 143, 143, 143, 143, 143, 143, 143, 143, 143, 143, 143, 0, 0, 0, 0, 0, 0, 76, 76, 76, 76, 76, 76, 76, 0, 0, 0, 0, 0, 0, 0, 0, 188, 188, 188, 188, 188, 188, 188, 0, 0, 0, 0, 0, 0, 0, 0, 112, 112, 112, 112, 112, 112, 112, 112, 112, 112, 112, 112, 112, 112, 112, 112, 112, 0, 0, 0, 0, 0, 0, 170, 170, 170, 170, 170, 170, 170, 170, 170, 0, 0, 0, 0, 0, 0, 0, 0, 0, 0, 0, 0, 0, 0, 0, 0, 0, 0, 0, 0, 0, 170, 170, 170, 170, 170, 170, 170, 170, 170, 170, 170, 170, 170, 170, 170, 170, 170, 170, 170, 170, 0, 0, 0, 0, 0, 0, 0, 0, 0
.db 0, 0, 0, 0, 0, 67, 67, 67, 67, 67, 67, 67, 67, 67, 67, 67, 67, 67, 67, 67, 67, 67, 0, 0, 0, 0, 0, 0, 0, 143, 143, 143, 143, 143, 143, 143, 143, 143, 143, 143, 143, 143, 143, 143, 143, 143, 0, 0, 0, 0, 0, 0, 76, 76, 76, 76, 76, 76, 76, 0, 0, 0, 0, 0, 0, 0, 0, 188, 188, 188, 188, 188, 188, 188, 188, 0, 0, 0, 0, 0, 0, 0, 112, 112, 112, 112, 112, 112, 112, 112, 112, 112, 112, 112, 112, 112, 112, 112, 112, 0, 0, 0, 0, 0, 0, 170, 170, 170, 170, 170, 170, 170, 170, 170, 0, 0, 0, 0, 0, 0, 0, 0, 0, 0, 0, 0, 0, 0, 0, 0, 0, 0, 0, 0, 0, 170, 170, 170, 170, 170, 170, 170, 170, 170, 170, 170, 170, 170, 170, 170, 170, 170, 170, 170, 170, 0, 0, 0, 0, 0, 0, 0, 0, 0
.db 0, 0, 0, 0, 0, 67, 67, 67, 67, 67, 67, 67, 67, 67, 67, 67, 67, 67, 67, 67, 67, 67, 0, 0, 0, 0, 0, 0, 0, 143, 143, 143, 143, 143, 143, 143, 143, 143, 143, 143, 143, 143, 143, 143, 143, 0, 0, 0, 0, 0, 0, 0, 76, 76, 76, 76, 76, 76, 76, 0, 0, 0, 0, 0, 0, 0, 0, 188, 188, 188, 188, 188, 188, 188, 188, 0, 0, 0, 0, 0, 0, 0, 0, 112, 112, 112, 112, 112, 112, 112, 112, 112, 112, 112, 112, 112, 112, 112, 112, 0, 0, 0, 0, 0, 0, 170, 170, 170, 170, 170, 170, 170, 170, 170, 0, 0, 0, 0, 0, 0, 0, 0, 0, 0, 0, 0, 0, 0, 0, 0, 0, 0, 0, 0, 0, 0, 170, 170, 170, 170, 170, 170, 170, 170, 170, 170, 170, 170, 170, 170, 170, 170, 170, 170, 0, 0, 0, 0, 0, 0, 0, 0, 0, 0
.db 0, 0, 0, 0, 0, 0, 67, 67, 67, 67, 67, 67, 67, 67, 67, 67, 67, 67, 67, 67, 67, 67, 0, 0, 0, 0, 0, 0, 0, 0, 143, 143, 143, 143, 143, 143, 143, 143, 143, 143, 143, 143, 143, 143, 0, 0, 0, 0, 0, 0, 0, 0, 76, 76, 76, 76, 76, 76, 76, 0, 0, 0, 0, 0, 0, 0, 0, 188, 188, 188, 188, 188, 188, 188, 0, 0, 0, 0, 0, 0, 0, 0, 0, 0, 112, 112, 112, 112, 112, 112, 112, 112, 112, 112, 112, 112, 112, 112, 112, 0, 0, 0, 0, 0, 0, 170, 170, 170, 170, 170, 170, 170, 170, 170, 0, 0, 0, 0, 0, 0, 0, 0, 0, 0, 0, 0, 0, 0, 0, 0, 0, 0, 0, 0, 0, 0, 0, 170, 170, 170, 170, 170, 170, 170, 170, 170, 170, 170, 170, 170, 170, 170, 170, 0, 0, 0, 0, 0, 0, 0, 0, 0, 0, 0
.db 0, 0, 0, 0, 0, 0, 0, 0, 67, 67, 67, 67, 67, 67, 67, 67, 67, 67, 67, 67, 67, 0, 0, 0, 0, 0, 0, 0, 0, 0, 0, 143, 143, 143, 143, 143, 143, 143, 143, 143, 143, 143, 0, 0, 0, 0, 0, 0, 0, 0, 0, 0, 76, 76, 76, 76, 76, 76, 76, 0, 0, 0, 0, 0, 0, 0, 0, 188, 188, 188, 188, 188, 0, 0, 0, 0, 0, 0, 0, 0, 0, 0, 0, 0, 0, 0, 112, 112, 112, 112, 112, 112, 112, 112, 112, 112, 112, 112, 112, 0, 0, 0, 0, 0, 0, 170, 170, 170, 170, 170, 170, 170, 170, 170, 0, 0, 0, 0, 0, 0, 0, 0, 0, 0, 0, 0, 0, 0, 0, 0, 0, 0, 0, 0, 0, 0, 0, 0, 170, 170, 170, 170, 170, 170, 170, 170, 170, 170, 170, 170, 170, 0, 0, 0, 0, 0, 0, 0, 0, 0, 0, 0, 0, 0
.db 0, 0, 0, 0, 0, 0, 0, 0, 0, 0, 0, 0, 0, 0, 0, 0, 0, 0, 0, 0, 0, 0, 0, 0, 0, 0, 0, 0, 0, 0, 0, 0, 0, 143, 143, 143, 143, 143, 143, 0, 0, 0, 0, 0, 0, 0, 0, 0, 0, 0, 0, 0, 0, 0, 0, 0, 0, 0, 0, 0, 0, 0, 0, 0, 0, 0, 0, 188, 188, 188, 0, 0, 0, 0, 0, 0, 0, 0, 0, 0, 0, 0, 0, 0, 0, 0, 0, 0, 0, 0, 0, 0, 0, 0, 0, 0, 0, 0, 0, 0, 0, 0, 0, 0, 0, 0, 0, 0, 0, 0, 0, 0, 0, 0, 0, 0, 0, 0, 0, 0, 0, 0, 0, 0, 0, 0, 0, 0, 0, 0, 0, 0, 0, 0, 0, 0, 0, 0, 0, 0, 0, 170, 170, 170, 170, 170, 170, 170, 0, 0, 0, 0, 0, 0, 0, 0, 0, 0, 0, 0, 0, 0, 0, 0
